-7.557675 -7.509781
-6.566391 -4.976298
4.636828 -6.978776
7.271985 10.55124
-6.63124 -5.390139
-5.862988 7.187039
-7.466874 -3.687067
7.299574 5.606119
7.249868 5.038434
3.75746 -6.839872
6.685685 8.747777
7.199577 5.681545
2.497206 -6.890293
-6.911753 -2.62913
6.885982 11.65878
7.405402 6.377075
8.065369 -6.918135
-5.182122 7.388841
6.761111 -6.684954
-7.838956 -6.863687
7.31006 9.648478
6.917607 6.829404
-6.817641 -5.881625
6.692504 6.904874
-10.25979 7.088458
-5.448013 7.169382
6.847433 6.273252
-10.39671 7.115133
6.541511 7.253386
-2.789038 7.419877
7.455442 6.915584
7.036877 10.13638
7.029316 7.352917
-7.724616 6.912766
8.205222 -6.477674
-7.577339 7.706053
11.2098 -7.389343
7.937856 -7.410498
-10.68433 6.671541
7.624011 4.399432
7.460079 9.110869
6.722643 5.587586
-5.563951 7.314989
-4.623777 7.118154
-6.603806 -7.784603
-6.876052 -6.654237
6.608887 6.359856
7.733414 -6.387503
4.940531 -7.292754
6.869699 4.695455
5.140123 -7.254777
-7.274802 -3.779112
-7.138301 -8.250967
6.695934 5.813908
11.69963 -7.117256
6.877732 9.89414
4.266979 -7.385821
-7.047406 -7.31737
-6.654514 7.024972
-7.532341 -8.036576
6.407144 7.328971
-6.923922 -7.972954
6.367917 -7.366884
6.863053 -7.264413
-7.382055 -9.877357
4.97626 -7.147811
-7.497525 6.88813
-8.44508 7.160548
6.976919 5.894098
-6.451014 -9.115958
-7.393499 -8.642923
-3.210706 7.264336
-6.902092 -10.8538
5.747357 -7.45002
1.322954 -7.55024
-6.503482 -3.555538
-7.385045 -6.147869
-4.506279 6.97895
-6.932119 -4.220141
8.703303 -6.575361
6.504611 3.312252
6.720808 5.872423
-10.35472 7.00962
7.087201 6.966972
-6.879663 -7.741607
-6.910526 -4.136514
8.851038 -7.185837
8.062779 -6.46095
8.297373 -6.965129
-5.214602 7.306302
5.280319 -7.144978
-6.863345 -7.481446
-6.941584 -6.918546
7.510424 7.854962
-7.160804 -6.735967
6.997748 -7.274569
7.318726 6.438857
-4.554409 7.472135
-2.684349 6.736149
7.234659 10.43765
5.8944 -7.013705
-4.801019 7.582462
6.799475 3.300009
6.796274 10.60934
-7.068329 -2.923129
10.54882 -7.02741
-7.303398 -7.028533
-6.353726 -6.95315
5.774665 -7.564116
9.982108 -6.917993
-6.694176 -7.66541
7.244627 6.006417
-6.379069 -6.231103
-9.269183 7.44212
7.146645 6.845335
-6.792309 -7.990704
10.13969 -7.229963
7.28088 -6.522605
7.050431 9.0941
-8.991235 6.681332
10.58742 -6.44045
9.730491 -7.403401
6.943867 8.634478
7.130466 7.907079
7.657566 8.949051
6.80115 7.587596
7.148695 8.919046
-7.227261 -9.285323
6.517721 -6.925821
-6.847516 -8.257703
13.89904 -7.144224
4.897544 -6.682323
11.50089 -7.397066
7.149559 9.75734
1.835365 -7.304014
-9.075659 7.371316
7.207653 7.683078
5.169066 -6.784804
7.174531 8.929553
7.826417 -6.864161
-6.957981 7.264208
-7.791329 6.76903
-7.30557 -6.718101
4.721071 -7.544895
7.658928 -6.685396
-3.908192 7.659804
-7.108723 7.615907
-6.283938 -9.254216
6.169466 -7.025659
4.264438 -6.959828
-5.278587 6.35066
-7.229803 -11.47394
-7.212329 -3.278127
-6.741678 -4.217606
-6.05116 7.236951
-7.140186 -6.874903
6.760314 6.279517
-4.897766 7.113347
6.821301 8.559989
10.8249 -6.972771
7.182465 7.730216
6.652868 4.367391
6.363443 -7.269347
4.965864 -7.143639
6.519706 -7.089715
-6.372435 7.06828
12.37116 -6.956721
7.296829 4.102303
-7.0315 -9.625281
7.282973 4.255552
-7.002299 -9.043005
-4.092338 7.278977
-6.886933 7.127693
7.013146 3.011683
-8.683071 6.353928
-10.42392 6.848211
6.719283 6.977039
-4.712 6.868384
-4.939266 7.014682
7.300288 8.067713
-8.06089 7.346372
7.075235 5.8806
-6.261989 7.082185
7.163219 3.546125
-4.206417 7.01596
-5.743888 6.56514
11.00009 -7.266156
7.207311 -7.196285
-9.602429 6.62611
-8.288892 7.311997
-6.489769 -5.481683
-6.039061 7.426325
7.836664 5.725876
6.732485 6.949276
6.698674 7.62583
-6.007622 7.742653
6.786821 -7.739667
-5.53662 6.547577
-7.326283 -6.209825
6.799252 -7.640857
-6.029495 7.268223
-3.089624 7.438997
4.754854 -6.659398
-6.976997 7.693657
-8.295254 7.123785
-7.555696 -4.976738
-7.008099 -10.68954
13.09742 -7.351154
-6.375286 -4.830472
7.33106 -7.242894
-10.08104 6.417459
-8.266045 6.72355
7.100271 6.293488
6.853224 6.870661
4.522311 -7.373908
-6.273457 -8.893447
7.223285 4.476293
6.744578 -6.695474
5.173785 -6.996462
-8.760549 7.373413
4.407374 -6.61771
-8.863731 6.525089
6.146751 -6.598294
6.786674 5.087727
-7.000704 -10.58446
6.788636 -6.985648
7.220559 7.275497
-7.101791 -8.807178
-6.977162 -6.312594
-7.217144 -3.550272
-7.225225 -8.352244
-7.001096 -9.946942
7.058489 9.000187
6.898166 7.273841
-7.261148 -11.43817
-5.559463 6.914597
-7.272173 -7.444418
-7.199803 -7.737449
6.738311 6.601289
-5.169587 6.677951
4.864782 -6.984905
8.593376 -6.492277
6.598088 6.280025
-5.528585 6.514708
6.898006 5.900177
-7.216761 7.14094
-7.036662 -6.649928
-7.252733 7.511029
7.210709 6.397368
7.037624 4.69398
6.653901 4.726258
-6.304768 6.798545
6.499272 4.531256
-7.949401 6.925233
-5.38149 7.78664
5.12734 -6.949268
7.231283 7.965799
6.905837 7.530665
8.255432 -6.644357
8.535881 -6.49065
-6.858964 -10.75437
7.066379 5.739591
-6.88084 7.120667
-5.403701 6.998274
-6.925898 -9.132286
6.530865 6.872353
8.654115 -7.199869
-6.931481 -6.45632
6.984631 8.233975
-6.522474 -9.812145
6.717462 6.266093
6.420138 4.536728
6.925031 7.091669
-7.892309 6.938985
10.42994 -6.790726
7.223907 2.597661
-6.708879 -8.319731
6.879771 5.791533
7.11854 5.758029
-7.580732 -5.289984
-6.573109 -4.752719
-7.399391 -4.982338
10.42776 -7.220603
6.599505 8.421229
7.623705 -6.98087
-10.37808 7.267616
6.72035 8.255307
8.747331 -7.764366
5.104086 -7.132389
6.772693 4.497116
6.571263 5.329114
6.23289 -6.698227
10.0458 -6.610823
-7.835042 7.246124
3.926076 -6.783215
6.861784 6.112297
-9.332149 7.112129
-7.071612 -5.555427
7.313015 5.223375
9.1589 -6.795724
10.33549 -6.794684
6.787208 7.763911
-7.297288 -7.859817
7.081915 6.446559
9.412076 -7.488556
-6.910654 -7.626241
-6.715049 -4.302062
2.820503 -7.510221
10.61886 -6.472906
-7.208456 7.168148
-6.788603 -7.834156
7.338281 10.39172
-4.882594 7.119639
-7.105096 -6.703837
-4.287378 7.072121
-5.101851 7.05385
8.374196 -6.732755
-7.095992 -5.64906
7.469143 6.112561
6.410062 5.902281
5.66937 -6.785878
7.356032 7.412447
-6.628732 -6.953664
-6.473964 -7.635077
-8.337058 7.078533
6.88618 -7.288284
5.478319 -6.901936
-7.123705 -7.098422
6.612426 6.57811
-5.94426 6.459096
6.843637 -6.691272
6.3376 7.427051
-6.969256 -7.99629
5.65215 -7.316562
6.33436 -6.697437
6.948691 5.518777
-6.978281 -6.779385
-11.93663 7.198482
9.27281 -7.397707
-7.365315 -4.760068
7.47402 6.839201
7.409663 7.535315
-10.86016 6.967086
-6.796744 -9.935596
-9.392657 7.522674
6.630568 -6.759865
-7.33395 -4.989703
-9.986981 7.15157
7.672757 -6.518145
7.144558 7.845715
-7.441437 6.737957
6.666777 5.453482
-4.282324 7.290537
6.660148 7.889932
7.451242 8.227141
-7.113528 -10.1378
-7.404168 6.650275
-6.545702 7.333876
-3.712235 6.667148
-4.602416 7.09342
-7.476926 -6.782743
6.283503 -6.893377
6.530698 7.677523
-7.137096 -6.088438
-6.944291 -6.350387
-6.940839 -5.86986
6.146203 -7.00276
7.921981 -7.223504
-6.844203 -6.13846
-7.116973 -7.977934
-6.233164 7.718445
-7.129903 -6.946362
6.468008 3.617915
7.081528 3.058828
-8.802527 6.483286
-7.54031 -5.45966
7.408645 -6.859678
-6.938635 -10.00094
-7.278079 -9.579342
-8.479596 6.758908
-7.444258 -4.845657
7.401779 8.228277
-9.769742 7.018197
6.855167 -6.984555
-7.650667 6.354706
5.681103 -7.391086
-6.942937 6.895417
6.993534 8.410597
7.150319 8.192434
3.364775 -6.83283
9.584058 -6.949676
-7.000599 -9.249193
-5.483348 6.272832
-5.317091 7.234587
7.035432 7.889806
9.663652 -7.205345
-7.901371 7.145519
-1.352406 7.212144
6.433955 -6.455744
-4.693614 7.147577
2.554241 -7.409572
-7.125891 -4.047298
7.359078 12.40543
9.23956 -6.697708
10.88708 -6.862861
-6.863257 -4.038793
7.477803 7.608391
-7.087644 -5.787196
5.001101 -6.882673
-4.493022 6.571999
-6.865979 -7.826146
4.756477 -7.190555
10.85017 -6.822505
-6.45928 6.763986
6.974265 7.422657
6.897405 -7.00281
5.131165 -6.691087
-4.708064 6.975822
7.185074 4.96041
10.55708 -6.599569
-6.294925 -9.561942
-7.226718 -4.709065
-5.474359 7.48679
-9.291533 6.911662
6.427049 9.466469
6.342638 6.977321
7.201748 6.459947
6.776305 7.751243
-7.519086 6.991378
-5.8392 6.673883
-7.358588 -5.238126
6.762977 8.292978
6.55961 7.93193
-2.316584 6.730363
-7.197213 -8.194257
-9.487274 7.048273
-1.595994 6.825926
-7.325513 7.457435
-6.53998 -8.441271
6.86444 7.697207
-7.414914 -5.099138
-6.917879 -10.03427
8.462237 -6.872371
6.317738 -6.760005
4.324549 -6.614129
-10.88128 6.502244
-6.088539 7.222887
-6.875834 -7.829482
-7.524739 6.90163
6.746643 8.575572
-7.320956 -7.345151
-7.731057 7.143863
-8.256435 7.004913
7.213189 4.785426
7.08294 6.200812
6.983314 6.239064
7.303164 7.131624
-6.506608 -6.258352
7.308065 3.420808
-7.067657 -9.684449
-5.810587 6.580988
-3.724292 6.839756
7.085099 3.70134
7.009884 10.30609
6.939276 3.0953
-5.768848 7.611783
7.616588 -6.78302
-3.871294 7.256644
-7.106648 6.987763
7.382494 6.806318
7.626083 -6.859061
4.82246 -7.127384
-7.364982 -7.7038
4.305527 -7.600837
-7.653676 -3.577386
7.114691 -6.895502
8.147162 -6.621919
-7.025183 -3.501463
-7.064534 -6.874822
7.268851 7.153292
6.925895 8.213379
5.61084 -6.818275
7.063303 9.366047
-6.818006 -8.433064
7.740039 10.09494
6.449106 -6.916897
6.83004 7.060625
7.273718 5.52304
7.230131 8.106507
7.277131 6.934239
-9.109786 6.409194
-6.882101 -7.041516
6.521221 7.916631
-6.920537 -4.034389
6.881135 5.924466
-7.069696 -6.771101
-6.82425 -6.746695
6.65463 -6.397981
-10.10339 7.109016
4.104011 -6.967665
7.271387 7.838077
0.1197531 6.811384
7.037445 1.479553
6.504626 -7.04343
7.36815 -7.034385
6.650259 7.511158
7.097816 -6.538674
6.78305 6.402119
-6.920572 -8.989081
-1.627774 7.024117
7.279602 8.547199
-4.658512 7.420272
-7.127157 -7.120465
-5.509 6.53979
-7.097984 -5.15197
-6.415372 7.04958
6.871447 6.988329
-3.467038 6.523379
-7.174905 -6.140011
7.481723 5.927438
-5.977104 7.188476
-7.170538 -5.417004
-7.526044 6.563534
5.324551 -6.370816
4.724877 -7.141903
6.880814 7.378134
7.133361 5.944395
6.998617 4.921367
-9.218047 7.107083
6.752849 6.578415
-7.221333 -7.991024
7.238166 5.540451
6.832531 -6.782183
-7.426727 -7.698408
-7.164372 -10.25536
2.063757 -7.175148
6.853563 7.919984
11.20705 -6.947038
-5.330252 7.141342
-6.888472 -5.432431
-6.465569 -8.908685
-6.487652 7.679862
9.424272 -6.903337
-7.683619 -8.199988
5.294386 -7.057499
10.05422 -6.021914
6.073538 -7.420539
-6.991754 6.886071
-6.550845 -4.273172
-7.33649 -4.885382
10.35339 -7.078241
6.992772 5.600745
6.109166 -7.562058
8.760478 -7.866141
6.594499 5.822776
-7.210997 6.801817
-6.194218 6.795981
-6.967667 -6.497185
-7.4155 -10.46924
6.63158 4.483063
10.46935 -6.976362
-6.816745 -7.857201
-10.91747 6.779836
-6.951767 -4.224748
5.942301 -7.041226
6.766629 7.178358
-4.637146 7.700927
-7.317207 -8.686532
-6.528625 -8.718547
9.281769 -6.7455
9.888865 -7.208929
-6.619351 -8.953603
5.212657 -7.194973
-9.703013 7.065265
7.713139 8.519132
-3.632827 6.772814
4.68186 -6.735399
-7.113097 -9.697405
-6.429165 -8.196127
4.402114 -6.654172
5.14431 -7.362481
-7.140694 -5.285255
-11.81835 6.69559
-13.57075 7.147883
-7.171272 7.663655
-6.985121 -3.47571
-9.170157 6.83202
-7.009815 6.673091
7.51157 6.218434
-7.074015 -7.449161
6.481576 8.788828
-5.444645 6.906983
-6.799547 7.486185
-9.27232 6.95294
7.131201 -6.711094
6.696978 6.522948
-6.722767 -4.121881
6.901476 5.328702
-6.758616 -4.631618
-7.009217 -10.12117
