-7.082675 -7.257513
8.553867 -7.427121
7.239816 -6.946627
-6.951879 7.346952
7.068458 7.383653
-8.064303 6.686341
4.343221 -6.860721
-6.050283 7.365907
-6.283938 -9.254216
6.081694 -6.865872
-10.15845 7.30481
9.810666 -7.159629
6.906621 -6.938838
6.978081 6.169883
7.032812 3.120161
-7.511396 -6.629556
-6.981746 6.404918
-9.067982 7.324907
8.317257 -7.358886
-10.25943 7.55769
5.605391 -7.100775
-6.875869 -7.581857
-6.901505 -9.087648
-6.506555 -9.233548
6.836673 8.642783
-7.52676 -8.278877
-5.101851 7.05385
-6.56693 -7.581061
3.245273 -7.772644
6.367942 8.92186
-5.917213 6.776116
7.103072 -6.693358
-8.838275 6.991152
-5.401903 6.442963
-7.073865 -10.91689
7.213189 4.785426
-3.637072 6.837869
-6.498629 -8.868818
-6.583602 7.302592
7.604547 -7.599779
-6.722768 -8.025498
-5.486407 7.152959
9.281769 -6.7455
7.015895 6.869201
-8.210649 7.204725
7.277131 6.934239
6.717512 7.154821
9.513908 -6.590312
3.841309 -7.157121
7.359021 7.297758
-5.466164 6.940819
4.212575 -7.75771
7.270427 7.162957
-7.173807 -6.163807
6.410062 5.902281
-6.801865 -3.85622
-10.76015 7.162129
-8.602791 6.788125
-7.407587 -5.166078
8.654115 -7.199869
